1 0.8318533328125 0.2896666671875 0.82316 0.22976888906249998 0.75264 0.2326666671875 0.7288888890624999 0.30222222187500003 0.7066666671874999 0.27999999999999997 0.7022222218749999 0.2311111109375 0.177777778125 0.23555555625000002 0.1066666671875 0.43555555625000003 0.1111111109375 0.4888888890625 0.0933333328125 0.52 0.0888888890625 0.91555555625 0.9110711109375 0.9253511109374999 0.910102221875 0.5186266671875 0.89271555625 0.43651111093750006 0.8560044437500001 0.3312088890625 0.8318533328125 0.2896666671875
1 0.9066666671875 0.9199999999999999 0.8977777781249999 0.44000000000000006 0.8133333328125 0.4311111109375 0.79555555625 0.48444444375 0.8 0.92444444375 0.9066666671875 0.9199999999999999
1 0.76444444375 0.9199999999999999 0.75555555625 0.4533333328125 0.7511111109375 0.4311111109375 0.6799999999999999 0.4311111109375 0.662222221875 0.47555555624999996 0.6533333328125 0.862222221875 0.657777778125 0.9199999999999999 0.6799999999999999 0.92444444375 0.76444444375 0.9199999999999999
1 0.617777778125 0.902222221875 0.6133333328125 0.44444444375 0.5377777781249999 0.4311111109375 0.51555555625 0.48 0.51555555625 0.9199999999999999 0.5333333328125 0.92444444375 0.59555555625 0.92444444375 0.617777778125 0.902222221875
1 0.4711111109375 0.902222221875 0.4711111109375 0.43555555625000003 0.3866666671875 0.4311111109375 0.382222221875 0.4533333328125 0.377777778125 0.737777778125 0.3911111109375 0.76 0.377777778125 0.8088888890625 0.382222221875 0.91555555625 0.4 0.92444444375 0.4533333328125 0.92444444375 0.4711111109375 0.902222221875
1 0.3333333328125 0.47555555624999996 0.32 0.457777778125 0.2666666671875 0.4533333328125 0.2711111109375 0.46666666718750005 0.2488888890625 0.4711111109375 0.24 0.8488888890625 0.257777778125 0.91555555625 0.297777778125 0.9199999999999999 0.32 0.8711111109375 0.3333333328125 0.6533333328125 0.3333333328125 0.47555555624999996
1 0.19555555625 0.8933333328125 0.2 0.462222221875 0.1866666671875 0.4311111109375 0.1111111109375 0.4311111109375 0.102222221875 0.4533333328125 0.1111111109375 0.48444444375 0.08444444375 0.5288888890625 0.0888888890625 0.9199999999999999 0.177777778125 0.92444444375 0.19555555625 0.8933333328125
1 0.8577777781249999 0.3288888890625 0.782222221875 0.3288888890625 0.7688888890625 0.35555555625 0.7688888890625 0.382222221875 0.7911111109375 0.39555555625 0.79555555625 0.40444444375 0.8266666671875 0.40444444375 0.8444444437499999 0.3866666671875 0.8577777781249999 0.36444444374999996 0.8577777781249999 0.3288888890625
1 0.7333333328125 0.3333333328125 0.7288888890624999 0.3288888890625 0.6533333328125 0.3288888890625 0.6488888890625 0.342222221875 0.6488888890625 0.382222221875 0.64444444375 0.3866666671875 0.64444444375 0.4 0.6711111109375001 0.41333333281250006 0.6711111109375001 0.42222222187499997 0.71555555625 0.42222222187499997 0.7333333328125 0.3866666671875 0.7333333328125 0.3333333328125
1 0.6044444437500001 0.3333333328125 0.6 0.3288888890625 0.52444444375 0.3288888890625 0.5377777781249999 0.36444444374999996 0.52444444375 0.3688888890625 0.52 0.377777778125 0.6 0.3688888890625 0.6044444437500001 0.36444444374999996 0.6044444437500001 0.3333333328125
1 0.48 0.36 0.48 0.3333333328125 0.47555555624999996 0.3288888890625 0.39555555625 0.3288888890625 0.3911111109375 0.342222221875 0.3911111109375 0.37333333281250003 0.3866666671875 0.377777778125 0.3866666671875 0.39555555625 0.39555555625 0.41777777812499994 0.40888888906250004 0.41777777812499994 0.41777777812499994 0.42222222187499997 0.42222222187499997 0.41777777812499994 0.44000000000000006 0.41777777812499994 0.44444444375 0.42222222187499997 0.4533333328125 0.42222222187499997 0.457777778125 0.41777777812499994 0.4711111109375 0.41777777812499994 0.4711111109375 0.41333333281250006 0.48444444375 0.4 0.48444444375 0.36444444374999996 0.48 0.36
1 0.35111111093749997 0.377777778125 0.35111111093749997 0.342222221875 0.3466666671875 0.3288888890625 0.3333333328125 0.3288888890625 0.3288888890625 0.32444444375 0.2711111109375 0.3288888890625 0.2711111109375 0.342222221875 0.2666666671875 0.3466666671875 0.2666666671875 0.382222221875 0.262222221875 0.3866666671875 0.262222221875 0.4 0.257777778125 0.40444444375 0.257777778125 0.42222222187499997 0.27999999999999997 0.42222222187499997 0.28444444375 0.4266666671875 0.32 0.4266666671875 0.3288888890625 0.42222222187499997 0.3466666671875 0.40444444375 0.36 0.4 0.36 0.3866666671875 0.35111111093749997 0.377777778125
1 0.23555555625000002 0.36 0.222222221875 0.3288888890625 0.20888888906249997 0.32444444375 0.1911111109375 0.32444444375 0.1866666671875 0.3288888890625 0.1688888890625 0.3288888890625 0.16444444375 0.32444444375 0.16 0.3288888890625 0.14666666718750002 0.3288888890625 0.12444444375 0.4 0.12444444375 0.42222222187499997 0.19555555625 0.42222222187499997 0.19555555625 0.40888888906250004 0.2 0.40444444375 0.2266666671875 0.39555555625 0.23555555625000002 0.377777778125 0.23555555625000002 0.36
1 0.2533333328125 0.29333333281249996 0.2488888890625 0.23555555625000002 0.24444444375000002 0.2311111109375 0.177777778125 0.2311111109375 0.177777778125 0.2488888890625 0.17333333281250002 0.2533333328125 0.17333333281250002 0.262222221875 0.177777778125 0.2666666671875 0.17333333281250002 0.28444444375 0.16 0.297777778125 0.15555555625 0.32 0.16 0.32444444375 0.222222221875 0.32444444375 0.2533333328125 0.29333333281249996
1 0.3688888890625 0.297777778125 0.36 0.23555555625000002 0.35555555625 0.2311111109375 0.29333333281249996 0.2311111109375 0.2888888890625 0.23555555625000002 0.2888888890625 0.27555555625 0.27555555625 0.29333333281249996 0.27555555625 0.32444444375 0.35111111093749997 0.32444444375 0.3688888890625 0.297777778125
1 0.47555555624999996 0.2666666671875 0.47555555624999996 0.23555555625000002 0.4711111109375 0.2311111109375 0.40888888906250004 0.2311111109375 0.40444444375 0.23555555625000002 0.40444444375 0.2666666671875 0.40888888906250004 0.27555555625 0.4 0.28444444375 0.39555555625 0.30222222187500003 0.40444444375 0.3066666671875 0.41333333281250006 0.32444444375 0.4533333328125 0.32444444375 0.457777778125 0.32 0.4711111109375 0.32 0.48444444375 0.29333333281249996 0.47555555624999996 0.2666666671875
1 0.59555555625 0.32 0.5911111109375 0.23555555625000002 0.5866666671874999 0.2311111109375 0.52444444375 0.2311111109375 0.52 0.23555555625000002 0.51555555625 0.3066666671875 0.52444444375 0.32444444375 0.5911111109375 0.32444444375 0.59555555625 0.32
1 0.7066666671874999 0.257777778125 0.7066666671874999 0.23555555625000002 0.7022222218749999 0.2311111109375 0.64 0.2311111109375 0.63555555625 0.23555555625000002 0.6266666671875 0.2888888890625 0.622222221875 0.297777778125 0.6266666671875 0.3066666671875 0.64444444375 0.31555555625 0.6488888890625 0.32444444375 0.72 0.32444444375 0.7244444437500001 0.3066666671875 0.7066666671874999 0.257777778125
1 0.8222222218749999 0.27555555625 0.8222222218749999 0.23555555625000002 0.8177777781250001 0.2311111109375 0.7511111109375 0.2311111109375 0.742222221875 0.3066666671875 0.75555555625 0.3066666671875 0.76444444375 0.32444444375 0.8311111109375 0.32444444375 0.8400000000000001 0.32 0.8400000000000001 0.297777778125 0.8222222218749999 0.27555555625